      7319.00          NaN          NaN      0.00000          NaN
      7343.00      0.00000         -NaN      0.00000      0.00000
      7367.00      0.00000         -NaN      0.00000      0.00000
      7391.00  1.72436e-15  6.19384e-15  2.82716e-17      0.00000
      7415.00  6.82145e-16  4.16211e-16  1.43899e-19      0.00000
      7439.00  1.46172e-16  3.81798e-16  2.84041e-19      0.00000
      7463.00  1.37582e-16  3.14061e-16  2.76278e-19      0.00000
      7487.00 -3.28242e-16  2.55778e-16  2.51733e-19     -0.00000
      7511.00  1.96282e-16  1.87679e-16  2.03369e-19      0.00000
      7535.00  3.04378e-17  1.28860e-16  1.51843e-19      0.00000
      7559.00  1.84689e-16  8.73808e-17  1.09113e-19      0.00000
      7583.00  6.51220e-17  5.84966e-17  7.91807e-20      0.00000
      7607.00  4.13515e-17  4.04424e-17  5.93366e-20      0.00000
      7631.00  1.49192e-17  2.97198e-17  4.55798e-20      0.00000
      7655.00  1.62440e-17  2.11929e-17  3.51490e-20      0.00000
      7679.00  2.94049e-17  1.76455e-17  2.93923e-20      0.00000
      7703.00  1.79396e-18  1.25347e-17  2.22511e-20      0.00000
      7727.00  1.83548e-17  8.86344e-18  1.69133e-20      0.00000
      7751.00  1.17832e-17  7.20445e-18  1.44154e-20      0.00000
      7775.00  7.65976e-18  5.96069e-18  1.24635e-20      0.00000
      7799.00  5.82924e-18  5.01247e-18  1.06534e-20      0.00000
      7823.00 -5.04118e-18  4.07919e-18  8.98745e-21     -0.00000
      7847.00 -2.06299e-18  3.34436e-18  7.62339e-21     -0.00000
      7871.00  4.85622e-18  2.82496e-18  6.61807e-21      0.00000
      7895.00  3.06692e-18  2.49514e-18  5.91278e-21      0.00000
      7919.00 -3.78591e-18  2.16161e-18  5.41181e-21     -0.00000
      7943.00 -6.63603e-19  1.97740e-18  5.03451e-21     -0.00000
      7967.00  1.42480e-18  1.83693e-18  4.73177e-21      0.00000
      7991.00  3.88477e-18  1.71817e-18  4.48196e-21      0.00000
      8015.00  2.53947e-18  1.58821e-18  4.27747e-21      0.00000
      8039.00  7.46837e-19  1.49597e-18  4.11402e-21      0.00000
      8063.00 -9.31595e-19  1.55780e-18  4.36432e-21     -0.00000
      8087.00 -4.98073e-19  1.44548e-18  4.05920e-21     -0.00000
      8111.00  8.19565e-19  1.34738e-18  2.46649e-21      0.00000
      8135.00  9.16061e-19  1.29666e-18  2.51735e-21      0.00000
      8159.00  3.27217e-19  1.24961e-18  3.48439e-21      0.00000
      8183.00  1.39800e-20  1.33300e-18  3.66204e-21      0.00000
      8207.00  9.15302e-20  1.23656e-18  3.44270e-21      0.00000
      8231.00  2.99383e-19  1.10927e-18  3.05627e-21      0.00000
      8255.00  1.92237e-19  1.05059e-18  2.88854e-21      0.00000
      8279.00 -2.89540e-19  9.88512e-19  2.72454e-21     -0.00000
      8303.00  9.16899e-20  9.49544e-19  2.57411e-21      0.00000
      8327.00 -3.76420e-19  9.12100e-19  2.44009e-21     -0.00000
      8351.00 -4.25572e-19  8.80735e-19  2.32110e-21     -0.00000
      8375.00  7.60307e-19  8.55312e-19  2.20941e-21      0.00000
      8399.00  5.40941e-19  8.30953e-19  2.09551e-21      0.00000
      8423.00  5.16360e-19  8.09225e-19  1.97588e-21      0.00000
      8447.00  6.65469e-19  7.87944e-19  1.85469e-21      0.00000
      8471.00 -1.30198e-19  7.79183e-19  1.40228e-21     -0.00000
      8495.00 -2.95662e-19  7.87901e-19  5.27648e-22     -0.00000
      8519.00 -9.79650e-20  7.25616e-19  1.53556e-21     -0.00000
      8543.00  3.42587e-19  7.46717e-19  1.52771e-21      0.00000
      8567.00 -1.79563e-19  7.61563e-19  1.51206e-21     -0.00000
      8591.00  3.93773e-19  7.04253e-19  1.41243e-21      0.00000
      8615.00  7.70661e-19  6.88114e-19  1.41094e-21      0.00000
      8639.00  8.99137e-19  7.03221e-19  1.45152e-21      0.00000
      8663.00  9.25371e-20  7.18632e-19  1.46889e-21      0.00000
      8687.00 -6.71343e-19  6.60895e-19  1.35838e-21     -0.00000
      8711.00  5.52871e-19  6.34550e-19  1.29116e-21      0.00000
      8735.00  6.38171e-19  6.78034e-19  7.63672e-23      0.00000
      8759.00 -1.00227e-18  5.94094e-19  1.20912e-21     -0.00000
      8783.00 -1.85853e-20  5.84464e-19  1.15713e-21     -0.00000
      8807.00 -1.01013e-18  5.71141e-19  1.09496e-21     -0.00000
      8831.00  4.48013e-19  5.60455e-19  1.02123e-21      0.00000
      8855.00  6.46019e-19  5.51587e-19  9.39439e-22      0.00000
      8879.00 -8.79216e-19  5.42752e-19  8.54510e-22     -0.00000
      8903.00  1.97767e-19  5.32217e-19  7.66632e-22      0.00000
      8927.00 -4.64132e-20  5.20101e-19  6.73414e-22     -0.00000
      8951.00  7.02119e-19  5.13172e-19  5.81961e-22      0.00000
      8975.00  7.10299e-19  5.03968e-19  5.63796e-22      0.00000
      8999.00 -8.70019e-20  4.91092e-19  5.62663e-22     -0.00000
      9023.00  4.46628e-19  4.90573e-19  5.62184e-22      0.00000
      9047.00 -4.66821e-19  4.86184e-19  5.60886e-22     -0.00000
      9071.00  1.87890e-19  5.64600e-19  7.22798e-22      0.00000
      9095.00  8.74775e-19  4.83744e-19  6.09905e-22      0.00000
      9119.00 -1.71221e-20  4.66560e-19  6.13271e-22     -0.00000
      9143.00  3.44461e-19  4.59554e-19  6.15745e-22      0.00000
      9167.00  6.32604e-19  4.49299e-19  4.37064e-22      0.00000
      9191.00  2.86600e-19  4.38998e-19  5.65944e-22      0.00000
      9215.00  6.71077e-19  4.34131e-19  6.38606e-22      0.00000
      9239.00  2.79483e-19  4.27921e-19  6.83638e-22      0.00000
      9263.00 -3.87079e-19  4.19065e-19  7.36136e-22     -0.00000
      9287.00 -7.16461e-19  4.18146e-19  7.89046e-22     -0.00000
      9311.00 -3.60080e-19  4.23902e-19  8.46750e-22     -0.00000
      9335.00  1.52855e-19  4.13444e-19  8.93699e-22      0.00000
      9359.00 -4.10468e-19  4.07948e-19  9.44473e-22     -0.00000
      9383.00 -9.54020e-19  4.07940e-19  9.96664e-22     -0.00000
      9407.00  7.56826e-20  4.11711e-19  1.04805e-21      0.00000
      9431.00  6.24319e-19  4.83718e-19  1.30837e-21      0.00000
      9455.00 -2.21242e-19  4.24201e-19  1.24645e-21     -0.00000
      9479.00 -2.04044e-19  3.85109e-19  1.17998e-21     -0.00000
      9503.00 -6.17423e-20  4.33389e-19  1.39857e-21     -0.00000
      9527.00  1.12239e-19  4.51953e-19  1.60045e-21      0.00000
      9551.00  5.39287e-19  4.25113e-19  1.48248e-21      0.00000
      9575.00  4.32275e-19  3.70221e-19  1.31620e-21      0.00000
      9599.00  4.23267e-21  3.67213e-19  1.34573e-21      0.00000
      9623.00 -2.98356e-19  3.61375e-19  1.37480e-21     -0.00000
      9647.00 -1.06553e-19  3.58421e-19  1.40240e-21     -0.00000
      9671.00  8.39842e-20  3.56374e-19  1.42860e-21      0.00000
      9695.00 -6.40543e-20  3.53165e-19  1.45544e-21     -0.00000
      9719.00  4.30269e-20  3.49773e-19  1.46791e-21      0.00000
      9743.00 -3.98221e-20  3.46765e-19  1.47063e-21     -0.00000
      9767.00  3.91360e-19  3.45198e-19  1.47622e-21      0.00000
      9791.00  2.95936e-19  3.41287e-19  1.48213e-21      0.00000
      9815.00 -2.30884e-19  3.39690e-19  1.48868e-21     -0.00000
      9839.00 -5.55641e-19  3.40866e-19  1.49372e-21     -0.00000
      9863.00 -1.70636e-19  3.44810e-19  1.49467e-21     -0.00000
      9887.00 -1.77543e-19  3.41102e-19  1.49052e-21     -0.00000
      9911.00  1.77713e-19  3.40157e-19  1.48147e-21      0.00000
      9935.00  4.86175e-19  3.37310e-19  1.46752e-21      0.00000
      9959.00 -1.72337e-19  3.56816e-19  1.54382e-21     -0.00000
      9983.00 -1.10384e-19  4.32939e-19  1.92390e-21     -0.00000
      10007.0 -4.70105e-20  3.21237e-19  1.39735e-21     -0.00000
      10031.0  1.01365e-19  3.17151e-19  1.37065e-21      0.00000
      10055.0  7.06257e-19  3.14462e-19  1.34554e-21      0.00000
      10079.0  1.78727e-19  3.12044e-19  1.32037e-21      0.00000
      10103.0  5.71794e-19  3.14267e-19  1.28266e-21      0.00000
      10127.0 -4.13098e-21  3.12857e-19  1.21337e-21     -0.00000
      10151.0 -1.91208e-19  3.12147e-19  1.10076e-21     -0.00000
      10175.0 -8.55196e-20  3.09260e-19  9.48858e-22     -0.00000
      10199.0 -5.28866e-19  3.05221e-19  7.75720e-22     -0.00000
      10223.0 -1.72971e-19  3.01202e-19  6.05803e-22     -0.00000
      10247.0  1.23880e-19  3.00943e-19  4.60679e-22      0.00000
      10271.0  4.23077e-19  2.95189e-19  3.49920e-22      0.00000
      10295.0  2.97279e-19  2.93603e-19  2.68409e-22      0.00000
      10319.0  3.65995e-19  2.90385e-19  2.04265e-22      0.00000
      10343.0  2.89062e-19  2.90868e-19  1.50119e-22      0.00000
      10367.0 -2.77948e-19  2.87296e-19  1.02836e-22     -0.00000
      10391.0  2.16932e-19  2.84402e-19  6.73382e-23      0.00000
      10415.0  3.40599e-19  2.92175e-19  4.35123e-23      0.00000
      10439.0 -5.14788e-19  2.95139e-19  2.85253e-23     -0.00000
      10463.0 -4.79147e-20  3.12830e-19  1.67181e-23     -0.00000
      10487.0  4.97373e-20  3.24183e-19  8.45002e-24      0.00000
      10511.0  1.41420e-19  2.96836e-19  7.58976e-24      0.00000
      10535.0 -7.41930e-20  2.90528e-19  4.97013e-24     -0.00000
      10559.0  3.55264e-19  2.84618e-19  3.99027e-24      0.00000
      10583.0  3.13405e-19  3.42102e-19  4.62918e-24      0.00000
      10607.0  1.40648e-19  3.04527e-19  3.80199e-24      0.00000
      10631.0 -1.87686e-19  2.80418e-19  2.92116e-24     -0.00000
      10655.0 -1.03079e-19  2.78267e-19  2.21184e-24     -0.00000
      10679.0 -1.48940e-20  2.74709e-19  1.60730e-24     -0.00000
      10703.0 -6.88887e-20  2.74827e-19  1.06669e-24     -0.00000
      10727.0  9.49045e-20  2.73532e-19  7.69592e-25      0.00000
      10751.0  4.59150e-19  2.72677e-19  5.12516e-25      0.00000
      10775.0  2.65161e-19  2.81229e-19  2.86460e-25      0.00000
      10799.0  8.98072e-20  2.81049e-19  1.12304e-25      0.00000
      10823.0  2.38531e-19  2.69026e-19  1.89593e-25      0.00000
      10847.0  3.03630e-19  2.68807e-19  1.06287e-25      0.00000
      10871.0  1.09898e-19  2.66701e-19  3.42973e-26      0.00000
      10895.0 -5.81465e-20  2.65237e-19  4.68866e-27     -0.00000
      10919.0  1.81166e-19  2.69599e-19  2.60460e-28      0.00000
      10943.0 -1.46682e-20  2.67525e-19  1.40590e-30     -0.00000
      10967.0 -1.76106e-19  2.63062e-19  8.38658e-33     -0.00000
      10991.0 -4.48314e-20  2.64550e-19  1.52518e-35     -0.00000
      11015.0  2.22140e-19  2.64417e-19  9.21203e-39      0.00000
      11039.0  1.26498e-19  2.64448e-19  8.54792e-44      0.00000
      11063.0 -1.61843e-19  2.64046e-19  6.53005e-43     -0.00000
      11087.0 -1.69745e-19  2.63246e-19  4.20390e-45     -0.00000
      11111.0  5.19472e-19  2.61472e-19      0.00000      0.00000
      11135.0  2.33378e-19  2.64662e-19      0.00000      0.00000
      11159.0  6.95497e-20  2.63187e-19      0.00000      0.00000
      11183.0  4.09464e-20  2.62329e-19      0.00000      0.00000
      11207.0  2.26779e-19  2.63355e-19      0.00000      0.00000
      11231.0  2.48325e-19  2.62937e-19      0.00000      0.00000
      11255.0  2.78405e-19  2.66548e-19      0.00000      0.00000
      11279.0  6.13425e-19  2.65217e-19      0.00000      0.00000
      11303.0 -8.36093e-20  2.63476e-19      0.00000     -0.00000
      11327.0  1.53715e-19  2.63219e-19      0.00000      0.00000
      11351.0 -3.70408e-19  2.72548e-19      0.00000     -0.00000
      11375.0  3.10076e-19  2.84771e-19      0.00000      0.00000
      11399.0  3.40935e-19  3.14683e-19      0.00000      0.00000
      11423.0 -6.66438e-20  3.62597e-19      0.00000     -0.00000
      11447.0  7.59073e-19  4.37449e-19      0.00000      0.00000
      11471.0 -5.53531e-19  5.38413e-19      0.00000     -0.00000
      11495.0 -1.08556e-18  6.92653e-19      0.00000     -0.00000
      11519.0 -8.44705e-19  8.51857e-19      0.00000     -0.00000
      11543.0 -2.40418e-18  1.09657e-18      0.00000     -0.00000
      11567.0 -5.46006e-18  1.41894e-18      0.00000     -0.00000
      11591.0 -4.24955e-18  1.88102e-18      0.00000     -0.00000
      11615.0 -4.00301e-18  2.62593e-18      0.00000     -0.00000
      11639.0 -1.35770e-17  5.20728e-18      0.00000     -0.00000
      11663.0 -9.09718e-18  6.02656e-18      0.00000     -0.00000
      11687.0 -1.60185e-17  8.48037e-18      0.00000     -0.00000
      11711.0 -2.65765e-17  1.30050e-17      0.00000     -0.00000
      11735.0 -3.41357e-17  2.05762e-17      0.00000     -0.00000
      11759.0 -2.05473e-17  3.20541e-17      0.00000     -0.00000
      11783.0  7.18191e-19  4.41515e-17      0.00000      0.00000
      11807.0  1.55989e-17  5.21224e-17      0.00000      0.00000
      11831.0 -5.27400e-17  5.51342e-17      0.00000     -0.00000
      11855.0  2.21502e-18  5.86511e-17      0.00000      0.00000
      11879.0 -8.11876e-17  7.40503e-17      0.00000     -0.00000
      11903.0 -1.63540e-16  1.03271e-16      0.00000     -0.00000
      11927.0 -2.26438e-16  1.40040e-16      0.00000     -0.00000
      11951.0 -2.62617e-16  1.82985e-16      0.00000     -0.00000
      11975.0 -4.45042e-16  2.62963e-16      0.00000     -0.00000
      11999.0 -5.55480e-16  3.49370e-16      0.00000     -0.00000
      12023.0 -4.55051e-16  4.12524e-16      0.00000     -0.00000
      12047.0 -4.42048e-16  4.94693e-16      0.00000     -0.00000
      12071.0 -4.21963e-16  6.96558e-16      0.00000     -0.00000
      12095.0 -5.00399e-16  1.34514e-15      0.00000     -0.00000
      12119.0 -4.06975e-15  4.90709e-15      0.00000     -0.00000
      12143.0 -3.51587e-14  3.31959e-14      0.00000     -0.00000
      12167.0 -5.69774e-13  4.52056e-13      0.00000     -0.00000
      12191.0 -1.21750e-11  1.08099e-11      0.00000     -0.00000
      12215.0  -0.00168914   0.00314762      0.00000     -0.00000
      12239.0  -0.00400821   0.00386813      0.00000     -0.00000
      12263.0  -0.00271520   0.00420652      0.00000     -0.00000
      12287.0  0.000948003   0.00594220      0.00000      0.00000
      12311.0  -0.00283963   0.00901069      0.00000     -0.00000
      12335.0          NaN          NaN      0.00000          NaN
      12359.0          NaN          NaN      0.00000          NaN
      12383.0          NaN          NaN      0.00000          NaN
